[SETTINGS]
WIDTH=1.13873946666718
LENGTH=2.64409971237183

