[DASH_CAM]
POS=0.374162,0.961494,-0.28875
EXP=29
