[HEADER]
EDIT_MODE=0
INTENSITY=36.0
EDIT_BIG=1
EDIT_STATE=2
BURN_FUEL_MULT=1
FLASH_THRESHOLD=3

[FLAME_0]
POSITION=-0.4918957,0.1272239,-2.251355
DIRECTION=0,0,-1
VSIZE_START=0.15
VSIZE_END=0.05
LSIZE=0.3
IS_LEFT=0
SIZE_MULT=0.9
GROUP=0

[FLAME_1]
POSITION=0.5852939,0.07219903,-2.203891
DIRECTION=0,0,-1
VSIZE_START=0.15
VSIZE_END=0.075
LSIZE=0.3
IS_LEFT=1
SIZE_MULT=0.9
GROUP=1

[FLAME_2]
POSITION=0.4929394,0.1254373,-2.249239
DIRECTION=0,0,-1
VSIZE_START=0.15
VSIZE_END=0.075
LSIZE=0.3
IS_LEFT=1
SIZE_MULT=0.9
GROUP=1

[FLAME_3]
POSITION=-0.5792441,0.07257849,-2.217574
DIRECTION=0,0,-1
VSIZE_START=0.15
VSIZE_END=0.05
LSIZE=0.3
IS_LEFT=0
SIZE_MULT=0.9
GROUP=0

